284.7
272.8
268.1
262.2
254.6
259.6
261.6
263.7
244.8
238.3
236.2
225.3
182.2
189.2
191.6
188.5
191.7
205.4
209.1
209.1
189.3
188.4
210.1
215.7
190.4
221.8
210.4
195.4
191.4
195
227.4
229.2
217.1
221.8
231
241.1
236.4
228.1
214.2
217
208
224.3
228.4
232.1
225.9
230.9
236.9
228.2
236.9
230.7
238.2
245.7
251.3
256.8
266.3
261.4
274.6
273.3
262.5
267.6
273.8
272
265.2
277.7
272.2
276.5
268.7
266.6
266.3
279.8
273
277.2
273.8
267.1
262.5
262.6
275.4
275.6
274.1
287.1
286.8
282.7
264.1
263.4
257.9
259
264.6
245
240.4
228.9
223.5
224
220.3
210.6
208.9
203.7
204.6
200.4
198
198.1
201.8
200.7
202.5
195.9
201.1
194.4
193.4
194.2
190.2
192.3
196.5
195.6
196.5
190.4
197
203
191.9
188.9
200.6
189
185.5
187.5
204.4
196.5
191.6
190.1
186.7
183.8
196.5
197.9
197.8
196
190.3
189.4
190.1
207.7
213.2
217.7
198.1
199.8
203.5
210.7
231.4
231.5
220.3
218
226.5
220.1
226.4
241.2
242.6
251
239.1
247.7
244.4
231.9
232.2
228.7
226.3
229.4
231.4
238.2
237.2
230
240.5
242.2
244.6
243.9
247.3
252
246.9
239.5
257.4
243.4
251.2
241.4
240.3
242.7
247.5
251.7
251.2
245.3
245.4
240.5
214.1
212.2
216.1
216.2
203.7
207.2
208.9
205.7
203.4
215.7
236.9
234.5
233.1
224.5
232.4
233.9
241.7
245.2
252.1
241.4
247.4
243.1
239.2
245.7
245.9
247.4
252.9
259.8
263.2
279
280.3
263.8
252.4
249.9
236.7
230.4
219.4
214.7
200.2
213.9
195.4
196.7
195.4
199
201.9
204
203.9
209.7
205.7
208.9
214.7
228.2
199.9
211.7
188.7
187.2
194.2
198.9
184.7
190.4
193.9
194.2
198.4
193.2
202.2
204.5
211
215.4
223.7
231.4
228
226.4
231.4
230.4
231
234.9
220.4
217.2
207.7
206
206.7
212.7
213.2
217.1
224.4
231
236.2
239
236
240.2
240.7
250.2
248.6
244.9
225.9
227.9
226.2
233.2
237.9
239
241.9
251.7
256.8
257.2
246.9
272.7
251.7
245.2
244.7
255.9
249.2
257.2
256.3
260.4
260.3
260.6
266.3
264
266.2
270.2
271.9
275.2
265
271.8
272.7
273.2
282.4
289.2
288.4
298.7
278.2
285.8
278.7
270.5
255.7
241.9
239.7
234.2
250.2
200.7
205.2
204.9
211.9
220.4
221.2
216.2
209.5
209.2
193
186.2
185.8
201.2
206.4
201.9
200
214.7
224.6
229.7
227
240
239.1
246.9
245.9
258.1
264.7
259.3
255.2
250.2
266.3
274.7
277.1
278
279.7
281.2
283.7
276.3
285.5
286.9
277.6

